4294967294,0
4294967278,132
4294967278,131
4294967278,130
4294967278,129
4294967278,128
4294967278,127
4294967278,126
4294967278,125
4294967278,124
4294967278,123
4294967278,122
4294967278,121
4294967278,120
4294967278,119
4294967278,118
4294967278,117
4294967278,116
4294967278,115
4294967278,114
4294967278,113
4294967278,112
4294967278,111
4294967278,110
4294967278,109
4294967278,108
4294967278,107
4294967278,106
4294967278,105
4294967278,104
4294967278,103
4294967278,102
4294967278,101
4294967278,100
4294967278,99
4294967278,98
4294967278,97
4294967278,96
4294967278,95
4294967278,94
4294967278,93
4294967278,92
4294967278,91
4294967278,90
4294967278,89
4294967278,87
4294967278,86
4294967278,85
4294967278,84
4294967278,83
4294967278,82
4294967278,81
4294967278,80
4294967278,79
4294967278,78
4294967278,77
4294967278,76
4294967278,75
4294967278,74
4294967278,73
4294967278,72
4294967278,71
4294967278,70
4294967278,69
4294967278,68
4294967278,67
4294967278,66
4294967278,65
4294967278,64
4294967278,63
4294967278,62
4294967278,61
4294967278,60
4294967278,59
4294967278,58
4294967278,57
4294967278,56
4294967278,55
4294967278,54
4294967278,53
4294967278,52
4294967278,51
4294967278,50
4294967278,49
4294967278,48
4294967278,47
4294967278,46
4294967278,45
4294967278,44
4294967278,43
4294967278,42
4294967278,41
4294967278,40
4294967278,39
4294967278,38
4294967278,37
4294967278,36
4294967278,35
4294967278,34
4294967278,33
4294967278,32
4294967278,31
4294967278,30
4294967278,29
4294967278,28
4294967278,27
4294967278,26
4294967279,24
4294967279,23
4294967279,22
4294967279,21
4294967279,20
4294967279,19
4294967279,18
4294967279,17
4294967279,16
4294967279,15
4294967279,14
4294967279,13
4294967279,12
4294967279,11
4294967279,10
4294967279,9
4294967279,8
4294967279,7
4294967279,6
4294967279,5
4294967279,4
4243767290,0
0,5
4294967294,424
4294967294,443
4294967294,584
4294967294,444
4294967294,428
4294967294,429
4294967294,192
4294967294,1417
4294967294,159
4294967294,431
4294967294,602
4294967294,423
4294967294,427
4243767290,3
4243767290,2
4294967294,15
4294967294,471
4294967294,36
4294967294,41
4294967294,43
4294967294,25
4294967294,27
4294967294,104
4294967294,106
4294967294,166
4294967294,24
4294967294,160
4294967294,168
4294967294,162
4294967294,1418
4294967294,17
4294967294,39
4294967294,42
4294967294,99
4294967294,76
4294967294,426
4294967294,417
4294967294,51
4294967294,52
4294967294,470
4294967294,26
4294967294,61
4294967294,81
4294967294,267
4294967294,82
4294967294,1419
4294967294,83
4294967294,68
4294967294,18
4294967294,127
4294967294,14
4294967294,126
4294967294,20
4294967294,67
4294967294,11
4294967294,12
4294967294,13
4294967278,353
4294967294,1443
4294967279,403
4294967294,1446
4294967294,483
4294967294,1445
4294967294,1444
4294967294,1430
4294967279,402
4294967294,1442
4294967294,1439
4294967294,482
4294967278,352
4294967279,401
4294967294,481
4294967279,400
4294967278,351
4294967279,399
4294967278,350
4294967294,480
4294967278,349
4294967294,1441
4294967278,348
4294967294,1440
4294967294,1422
4294967279,398
4294967279,397
4294967294,1438
4294967279,396
4294967279,395
4294967278,347
4294967278,346
4294967294,479
4294967279,394
61,4
61,3
61,2
61,1
4294967279,393
60,6
60,5
60,4
60,3
60,2
60,1
4294967279,392
4294967279,391
59,7
59,6
59,5
59,4
59,3
59,2
59,1
4294967278,345
4294967278,344
58,6
58,5
58,4
58,3
58,2
58,1
4294967278,343
4294967279,390
4294967278,342
57,6
57,5
57,4
57,3
57,2
57,1
4294967278,341
4294967279,389
4294967278,340
4294967294,1437
56,6
56,5
56,4
56,3
56,2
56,1
55,6
55,5
55,4
55,3
55,2
55,1
4294967278,339
54,9
54,8
54,7
54,6
54,5
54,4
54,3
54,2
54,1
4294967294,1436
4294967294,419
4294967294,478
4294967278,338
4294967279,388
53,6
53,5
53,4
53,3
53,2
53,1
52,6
52,5
52,4
52,3
52,2
52,1
51,6
51,5
51,4
51,3
51,2
51,1
4294967278,337
4294967279,387
50,4
50,3
50,2
50,1
4294967294,1435
4294967294,1434
4294967294,252
4294967278,336
49,6
49,5
49,4
49,3
49,2
49,1
4294967278,335
48,7
48,6
48,5
48,4
48,3
48,2
48,1
47,8
47,7
47,6
47,5
47,4
47,3
47,2
47,1
46,4
46,3
46,2
46,1
45,4
45,3
45,2
45,1
4294967294,477
44,4
44,3
44,2
44,1
4294967278,334
4294967279,386
4294967278,333
43,4
43,3
43,2
43,1
4294967278,332
4294967279,385
4294967278,331
4294967294,1433
42,6
42,5
42,4
42,3
42,2
42,1
4294967278,330
4294967279,384
4294967278,329
41,4
41,3
41,2
41,1
4294967278,328
4294967294,1432
4294967278,327
40,4
40,3
40,2
40,1
4294967278,326
4294967294,476
4294967279,319
39,6
39,5
39,4
39,3
39,2
39,1
4294967278,325
4294967279,318
4294967278,324
38,4
38,3
38,2
38,1
37,6
37,5
37,4
37,3
37,2
37,1
36,6
36,5
36,4
36,3
36,2
36,1
4294967278,323
4294967279,317
